SPFF-1789,20240406,sq9mdf/p,107
SPFF-1789,20230609,sq2bxi/p,133
SPFF-1789,20200111,sp5uud/p,124
SPFF-1789,20200111,sp5zim/p,51
SPFF-1789,20190914,sp2sv,126
SPFF-1789,20190914,sp2ymx,51
SPFF-1789,20190720,sq8hnb/p,111
SPFF-1789,20190306,sp9yff,179
